300 4 4
0.065 0.093 0.061 0.262 1 0 0 0 
0.051 0.063 0.039 0.328 1 0 0 0 
0.099 0.113 0.093 0.165 1 1 0 0 
0.421 0.423 0.412 0.049 0 0 0 1 
0.153 0.162 0.151 0.124 0 1 0 0 
0.106 0.116 0.104 0.122 1 1 0 0 
0.066 0.081 0.066 0.133 1 0 0 0 
0.178 0.193 0.175 0.271 0 1 0 0 
0.100 0.120 0.096 0.210 1 1 0 0 
0.105 0.114 0.104 0.181 1 1 0 0 
0.104 0.111 0.103 0.145 1 1 0 0 
0.181 0.187 0.178 0.074 0 1 0 0 
0.379 0.382 0.361 0.165 0 0 0 1 
0.128 0.130 0.114 0.121 1 1 0 0 
0.045 0.054 0.038 0.237 1 0 0 0 
0.123 0.132 0.116 0.184 1 1 0 0 
0.221 0.229 0.219 0.067 0 1 1 0 
0.398 0.400 0.394 0.069 0 0 0 1 
0.145 0.147 0.138 0.129 1 1 0 0 
0.097 0.103 0.081 0.242 1 0 0 0 
0.070 0.084 0.069 0.206 1 0 0 0 
0.120 0.128 0.108 0.165 1 1 0 0 
0.074 0.093 0.073 0.193 1 0 0 0 
0.284 0.286 0.279 0.105 0 0 1 0 
0.045 0.049 0.023 0.318 1 0 0 0 
0.087 0.096 0.080 0.183 1 0 0 0 
0.112 0.117 0.105 0.132 1 1 0 0 
0.277 0.279 0.271 0.066 0 0 1 0 
0.065 0.068 0.046 0.394 1 0 0 0 
0.086 0.099 0.086 0.189 1 0 0 0 
0.066 0.067 0.041 0.363 1 0 0 0 
0.266 0.270 0.260 0.040 0 0 1 0 
0.039 0.040 0.029 0.371 1 0 0 0 
0.342 0.352 0.342 0.062 0 0 0 1 
0.066 0.084 0.058 0.281 1 0 0 0 
0.035 0.036 0.024 0.070 1 0 0 0 
0.170 0.173 0.146 0.492 0 1 0 0 
0.284 0.287 0.276 0.140 0 0 1 0 
0.363 0.380 0.359 0.188 0 0 0 1 
0.100 0.111 0.091 0.205 1 1 0 0 
0.403 0.407 0.399 0.153 0 0 0 1 
0.091 0.108 0.091 0.200 1 1 0 0 
0.409 0.410 0.398 0.123 0 0 0 1 
0.365 0.372 0.351 0.255 0 0 0 1 
0.111 0.112 0.099 0.246 1 1 0 0 
0.176 0.183 0.175 0.122 0 1 0 0 
0.132 0.134 0.119 0.204 1 1 0 0 
0.106 0.119 0.091 0.204 1 0 0 0 
0.030 0.037 0.018 0.164 1 0 0 0 
0.111 0.120 0.105 0.244 1 1 0 0 
0.205 0.210 0.204 0.055 0 1 1 0 
0.105 0.128 0.103 0.167 1 1 0 0 
0.124 0.128 0.118 0.118 1 1 0 0 
0.126 0.134 0.119 0.195 1 1 0 0 
0.121 0.131 0.115 0.150 1 1 0 0 
0.132 0.151 0.129 0.328 0 1 0 0 
0.198 0.199 0.186 0.164 0 1 0 0 
0.393 0.394 0.383 0.078 0 0 0 1 
0.089 0.093 0.072 0.356 1 0 0 0 
0.089 0.108 0.080 0.335 1 1 0 0 
0.086 0.104 0.079 0.225 1 0 0 0 
0.285 0.291 0.279 0.220 0 0 1 0 
0.233 0.236 0.225 0.134 0 1 1 0 
0.092 0.094 0.079 0.090 1 0 0 0 
0.283 0.287 0.280 0.179 0 0 1 0 
0.395 0.399 0.389 0.096 0 0 0 1 
0.396 0.398 0.357 0.321 0 0 0 1 
0.117 0.121 0.089 0.331 1 1 0 0 
0.184 0.189 0.164 0.033 0 1 0 0 
0.152 0.157 0.151 0.070 0 1 0 0 
0.097 0.099 0.089 0.143 1 0 0 0 
0.045 0.078 0.043 0.273 1 0 0 0 
0.017 0.024 0.015 0.073 1 0 0 0 
0.112 0.124 0.111 0.187 1 1 0 0 
0.138 0.144 0.134 0.123 1 1 0 0 
0.058 0.060 0.049 0.087 1 0 0 0 
0.081 0.092 0.070 0.285 1 0 0 0 
0.311 0.315 0.304 0.050 0 0 1 1 
0.077 0.121 0.077 0.526 1 1 0 0 
0.371 0.379 0.369 0.085 0 0 0 1 
0.076 0.080 0.071 0.074 1 0 0 0 
0.060 0.083 0.059 0.412 1 0 0 0 
0.141 0.147 0.138 0.115 1 1 0 0 
0.298 0.302 0.290 0.111 0 0 1 1 
0.121 0.130 0.110 0.140 1 1 0 0 
0.085 0.086 0.056 0.411 1 0 0 0 
0.376 0.389 0.376 0.154 0 0 0 1 
0.083 0.091 0.079 0.139 1 0 0 0 
0.358 0.366 0.346 0.189 0 0 0 1 
0.097 0.106 0.092 0.177 1 1 0 0 
0.390 0.390 0.377 0.128 0 0 0 1 
0.371 0.382 0.366 0.109 0 0 0 1 
0.176 0.184 0.173 0.058 0 1 0 0 
0.081 0.086 0.075 0.195 1 0 0 0 
0.123 0.124 0.108 0.165 1 1 0 0 
0.092 0.113 0.075 0.456 1 1 0 0 
0.103 0.105 0.090 0.274 1 1 0 0 
0.352 0.367 0.350 0.107 0 0 0 1 
0.109 0.127 0.103 0.143 1 1 0 0 
0.310 0.315 0.307 0.071 0 0 1 1 
0.288 0.294 0.281 0.312 0 0 1 0 
0.164 0.164 0.154 0.135 0 1 0 0 
0.074 0.077 0.064 0.154 1 0 0 0 
0.116 0.119 0.110 0.002 1 1 0 0 
0.047 0.047 0.036 0.185 1 0 0 0 
0.181 0.184 0.178 0.059 0 1 0 0 
0.098 0.106 0.091 0.195 1 1 0 0 
0.123 0.141 0.121 0.222 1 1 0 0 
0.227 0.236 0.223 0.112 0 1 1 0 
0.108 0.116 0.101 0.198 1 1 0 0 
0.112 0.115 0.079 0.414 1 0 0 0 
0.234 0.239 0.228 0.078 0 1 1 0 
0.289 0.289 0.274 0.129 0 0 1 0 
0.397 0.416 0.394 0.200 0 0 0 1 
0.140 0.144 0.137 0.236 1 1 0 0 
0.204 0.211 0.201 0.121 0 1 1 0 
0.097 0.104 0.088 0.184 1 1 0 0 
0.175 0.182 0.169 0.088 0 1 0 0 
0.037 0.040 0.024 0.286 1 0 0 0 
0.028 0.043 0.022 0.173 1 0 0 0 
0.276 0.287 0.275 0.173 0 0 1 0 
0.406 0.417 0.405 0.162 0 0 0 1 
0.189 0.190 0.180 0.124 0 1 0 0 
0.396 0.403 0.391 0.063 0 0 0 1 
0.125 0.134 0.117 0.300 1 1 0 0 
0.132 0.143 0.124 0.185 1 1 0 0 
0.106 0.112 0.098 0.230 1 1 0 0 
0.118 0.120 0.105 0.176 1 1 0 0 
0.145 0.146 0.130 0.297 1 1 0 0 
0.149 0.153 0.144 0.114 0 1 0 0 
0.380 0.386 0.378 0.125 0 0 0 1 
0.119 0.131 0.114 0.089 1 1 0 0 
0.015 0.032 0.014 0.214 1 0 0 0 
0.144 0.155 0.143 0.128 0 1 0 0 
0.099 0.114 0.091 0.130 1 1 0 0 
0.115 0.136 0.114 0.330 1 1 0 0 
0.201 0.207 0.192 0.130 0 1 1 0 
0.102 0.107 0.097 0.096 1 1 0 0 
0.289 0.295 0.288 0.088 0 0 1 0 
0.278 0.289 0.278 0.142 0 0 1 0 
0.121 0.127 0.111 0.286 1 1 0 0 
0.091 0.103 0.063 0.462 1 1 0 0 
0.408 0.413 0.403 0.102 0 0 0 1 
0.083 0.104 0.083 0.192 1 1 0 0 
0.204 0.209 0.199 0.131 0 1 1 0 
0.139 0.143 0.126 0.187 1 1 0 0 
0.419 0.421 0.413 0.039 0 0 0 1 
0.110 0.117 0.099 0.155 1 1 0 0 
0.102 0.105 0.099 0.021 1 1 0 0 
0.131 0.139 0.130 0.175 1 1 0 0 
0.063 0.065 0.051 0.149 1 0 0 0 
0.186 0.194 0.182 0.088 0 1 0 0 
0.107 0.114 0.101 0.211 1 1 0 0 
0.285 0.302 0.284 0.198 0 0 1 1 
0.094 0.095 0.087 0.109 1 0 0 0 
0.112 0.120 0.109 0.192 1 1 0 0 
0.059 0.074 0.057 0.205 1 0 0 0 
0.347 0.359 0.343 0.116 0 0 0 1 
0.191 0.194 0.179 0.105 0 1 0 0 
0.291 0.297 0.285 0.132 0 0 1 1 
0.410 0.411 0.404 0.070 0 0 0 1 
0.086 0.089 0.064 0.429 1 0 0 0 
0.076 0.096 0.073 0.265 1 0 0 0 
0.091 0.111 0.084 0.334 1 1 0 0 
0.388 0.394 0.379 0.182 0 0 0 1 
0.094 0.101 0.084 0.363 1 1 0 0 
0.063 0.064 0.021 0.444 1 0 0 0 
0.183 0.195 0.183 0.072 0 1 0 0 
0.068 0.084 0.060 0.212 1 0 0 0 
0.377 0.388 0.376 0.176 0 0 0 1 
0.055 0.064 0.054 0.180 1 0 0 0 
0.073 0.077 0.052 0.260 1 0 0 0 
0.063 0.086 0.061 0.186 1 0 0 0 
0.171 0.175 0.166 0.079 0 1 0 0 
0.069 0.151 0.061 0.745 1 0 0 0 
0.063 0.065 0.035 0.448 1 0 0 0 
0.133 0.142 0.129 0.121 1 1 0 0 
0.145 0.189 0.144 0.443 0 1 0 0 
0.082 0.110 0.081 0.285 1 1 0 0 
0.410 0.411 0.399 0.083 0 0 0 1 
0.055 0.063 0.036 0.588 1 0 0 0 
0.089 0.106 0.088 0.137 1 1 0 0 
0.111 0.120 0.111 0.234 1 1 0 0 
0.196 0.208 0.195 0.114 0 1 1 0 
0.128 0.129 0.120 0.135 1 1 0 0 
0.075 0.080 0.060 0.197 1 0 0 0 
0.101 0.107 0.086 0.152 1 0 0 0 
0.091 0.103 0.086 0.086 1 1 0 0 
0.124 0.126 0.098 0.267 1 1 0 0 
0.135 0.136 0.119 0.201 1 1 0 0 
0.191 0.192 0.154 0.623 0 1 0 0 
0.229 0.229 0.213 0.143 0 1 1 0 
0.287 0.287 0.264 0.092 0 0 1 0 
0.116 0.119 0.111 0.063 1 1 0 0 
0.063 0.069 0.059 0.343 1 0 0 0 
0.331 0.339 0.328 0.099 0 0 1 1 
0.136 0.136 0.123 0.224 1 1 0 0 
0.062 0.071 0.059 0.122 1 0 0 0 
0.204 0.207 0.195 0.072 0 1 1 0 
0.399 0.401 0.392 0.176 0 0 0 1 
0.134 0.137 0.127 0.241 1 1 0 0 
0.119 0.132 0.116 0.475 1 1 0 0 
0.153 0.159 0.146 0.135 0 1 0 0 
0.087 0.089 0.074 0.218 1 0 0 0 
0.296 0.304 0.275 0.357 0 0 1 0 
0.062 0.066 0.059 0.147 1 0 0 0 
0.117 0.128 0.108 0.280 1 1 0 0 
0.422 0.422 0.379 0.457 0 0 0 1 
0.283 0.299 0.280 0.297 0 0 1 0 
0.104 0.108 0.097 0.099 1 1 0 0 
0.401 0.411 0.399 0.135 0 0 0 1 
0.392 0.395 0.385 0.053 0 0 0 1 
0.181 0.183 0.161 0.281 0 1 0 0 
0.137 0.138 0.119 0.181 1 1 0 0 
0.125 0.126 0.112 0.262 1 1 0 0 
0.370 0.373 0.355 0.173 0 0 0 1 
0.395 0.412 0.394 0.264 0 0 0 1 
0.107 0.153 0.107 0.246 0 1 0 0 
0.094 0.096 0.075 0.178 1 0 0 0 
0.049 0.060 0.037 0.250 1 0 0 0 
0.151 0.151 0.117 0.290 1 1 0 0 
0.132 0.140 0.119 0.388 1 1 0 0 
0.061 0.084 0.045 0.464 1 0 0 0 
0.163 0.168 0.152 0.191 0 1 0 0 
0.104 0.111 0.099 0.121 1 1 0 0 
0.071 0.080 0.066 0.187 1 0 0 0 
0.151 0.153 0.145 0.083 0 1 0 0 
0.016 0.023 0.009 0.103 1 0 0 0 
0.182 0.184 0.163 0.179 0 1 0 0 
0.205 0.207 0.199 0.011 0 1 1 0 
0.395 0.398 0.385 0.140 0 0 0 1 
0.092 0.095 0.069 0.362 1 0 0 0 
0.137 0.145 0.136 0.082 1 1 0 0 
0.120 0.125 0.098 0.420 1 1 0 0 
0.085 0.090 0.063 0.286 1 0 0 0 
0.359 0.366 0.352 0.157 0 0 0 1 
0.218 0.224 0.214 0.129 0 1 1 0 
0.031 0.031 0.020 0.120 1 0 0 0 
0.184 0.193 0.179 0.095 0 1 0 0 
0.119 0.120 0.107 0.257 1 1 0 0 
0.145 0.146 0.127 0.144 1 1 0 0 
0.119 0.125 0.106 0.249 1 1 0 0 
0.267 0.278 0.264 0.212 0 0 1 0 
0.124 0.127 0.113 0.227 1 1 0 0 
0.124 0.125 0.097 0.273 1 1 0 0 
0.388 0.391 0.382 0.203 0 0 0 1 
0.100 0.109 0.094 0.150 1 0 0 0 
0.379 0.399 0.376 0.237 0 0 0 1 
0.126 0.134 0.119 0.165 1 1 0 0 
0.111 0.114 0.091 0.520 1 1 0 0 
0.291 0.292 0.286 0.032 0 0 1 0 
0.111 0.125 0.109 0.164 1 1 0 0 
0.071 0.082 0.070 0.230 1 0 0 0 
0.061 0.083 0.061 0.372 1 0 0 0 
0.095 0.134 0.088 0.647 1 1 0 0 
0.115 0.125 0.105 0.273 1 1 0 0 
0.036 0.049 0.030 0.299 1 0 0 0 
0.137 0.140 0.127 0.131 1 1 0 0 
0.064 0.084 0.058 0.265 1 0 0 0 
0.100 0.119 0.092 0.200 1 1 0 0 
0.287 0.289 0.280 0.061 0 0 1 0 
0.102 0.115 0.097 0.244 1 1 0 0 
0.062 0.064 0.058 0.060 1 0 0 0 
0.086 0.095 0.077 0.702 1 0 0 0 
0.415 0.417 0.403 0.086 0 0 0 1 
0.156 0.158 0.147 0.399 0 1 0 0 
0.120 0.128 0.112 0.127 1 1 0 0 
0.410 0.419 0.410 0.082 0 0 0 1 
0.371 0.377 0.367 0.067 0 0 0 1 
0.210 0.214 0.204 0.134 0 1 1 0 
0.105 0.106 0.070 0.460 1 0 0 0 
0.226 0.229 0.219 0.104 0 1 1 0 
0.194 0.204 0.174 0.456 0 1 0 0 
0.089 0.089 0.071 0.406 1 0 0 0 
0.101 0.109 0.091 0.298 1 1 0 0 
0.094 0.117 0.087 0.432 1 1 0 0 
0.134 0.155 0.128 0.435 0 1 0 0 
0.054 0.074 0.049 0.329 1 0 0 0 
0.093 0.093 0.079 0.271 1 0 0 0 
0.214 0.217 0.210 0.056 0 1 1 0 
0.035 0.040 0.022 0.250 1 0 0 0 
0.094 0.101 0.071 0.313 1 0 0 0 
0.212 0.214 0.204 0.167 0 1 1 0 
0.204 0.205 0.194 0.072 0 1 1 0 
0.134 0.142 0.132 0.115 1 1 0 0 
0.062 0.079 0.060 0.159 1 0 0 0 
0.031 0.034 0.021 0.092 1 0 0 0 
0.409 0.411 0.401 0.070 0 0 0 1 
0.195 0.203 0.194 0.110 0 1 1 0 
0.035 0.047 0.032 0.190 1 0 0 0 
0.058 0.130 0.049 1.000 1 0 0 0 
0.094 0.099 0.092 0.086 1 1 0 0 
0.021 0.035 0.012 0.312 1 0 0 0 
0.035 0.040 0.027 0.237 1 0 0 0 
0.014 0.025 0.013 0.101 1 0 0 0 
0.085 0.105 0.069 0.540 1 1 0 0 
0.188 0.190 0.167 0.187 0 1 0 0 
0.207 0.208 0.201 0.056 0 1 1 0 
0.126 0.133 0.121 0.118 1 1 0 0 
0.110 0.113 0.069 0.436 1 0 0 0 