0.000243
0.000775
0.850185
1.258200
1.260557
6.670896
7.822773
109.180012
1138.486100
1.362515
0.000236
0.000775
0.851366
1.262159
1.263165
6.673845
7.823021
109.189580
1140.032049
1.363792
0.000230
0.000777
0.851608
1.263760
1.262350
6.674614
7.822681
109.832645
1137.762090
1.364657
0.000239
0.000784
0.852114
1.270989
1.270170
6.690725
7.822108
110.593516
1138.103460
1.366223
0.000239
0.000785
0.851164
1.274344
1.275967
6.679022
7.822582
110.424609
1134.896435
1.365540
0.000239
0.000779
0.847459
1.270015
1.269757
6.667387
7.820635
109.579339
1138.281332
1.361529
0.000247
0.000776
0.845726
1.267485
1.266475
6.664403
7.818444
109.136738
1141.754255
1.359539
0.000263
0.000776
0.845741
1.266496
1.266576
6.664500
7.818562
109.171518
1141.720735
1.360165
0.000284
0.000777
0.848108
1.270912
1.270067
6.665119
7.818349
109.062500
1143.319980
1.361997
0.000293
0.000780
0.851349
1.271862
1.268551
6.657300
7.816171
109.646317
1142.011925
1.363604
0.000298
0.000787
0.851507
1.269298
1.268725
6.681809
7.817834
109.901433
1136.872975
1.363419
0.000292
0.000794
0.848404
1.266808
1.262658
6.705767
7.822989
110.489203
1125.607163
1.361838
0.000302
0.000795
0.847868
1.266748
1.262582
6.719983
7.821275
110.757089
1127.001059
1.362150
0.000309
0.000795
0.848783
1.264195
1.260803
6.723911
7.818253
110.753441
1127.259872
1.360543
0.000317
0.000795
0.849257
1.264500
1.260811
6.731600
7.818400
110.670000
1127.400000
1.359900
0.000353
0.000791
0.845338
1.260446
1.258423
6.722252
7.817905
110.381625
1125.872808
1.358517
0.000364
0.000790
0.843317
1.258582
1.259593
6.720324
7.817537
110.376281
1126.864513
1.359610
0.000368
0.000789
0.844586
1.256346
1.255519
6.722595
7.815648
110.644870
1122.175866
1.359205
0.000358
0.000788
0.846321
1.250348
1.251144
6.719107
7.811984
110.282473
1119.697191
1.356976
0.000360
0.000788
0.849617
1.247783
1.252839
6.724753
7.809853
110.463308
1120.290221
1.356649
0.000369
0.000787
0.850756
1.244016
1.252010
6.735753
7.808784
110.593039
1123.099666
1.356938
0.000366
0.000787
0.850716
1.243300
1.251377
6.735681
7.808770
110.633000
1123.407491
1.355970
0.000364
0.000791
0.853091
1.249614
1.253665
6.741141
7.809712
110.943683
1121.067678
1.358413
0.000389
0.000793
0.854268
1.248533
1.249545
6.739074
7.808848
111.204783
1113.874812
1.357646
0.000400
0.000800
0.857601
1.249673
1.260557
6.753980
7.810175
111.734208
1117.113244
1.360931
0.000381
0.000798
0.857870
1.250704
1.259710
6.749901
7.807764
111.436860
1116.434657
1.361346
0.000362
0.000797
0.858244
1.252345
1.260716
6.753433
7.806307
110.984243
1114.503669
1.361571
0.000360
0.000797
0.856708
1.253933
1.263579
6.755024
7.808212
111.094438
1117.586259
1.362377
0.000360
0.000797
0.856708
1.253933
1.263579
6.755024
7.808212
111.094438
1117.586259
1.362377
0.000360
0.000798
0.857162
1.253643
1.263511
6.765343
7.808888
111.123805
1117.641804
1.361786
0.000367
0.000800
0.858334
1.256615
1.263469
6.765371
7.808544
111.486182
1118.486395
1.363657
0.000401
0.000806
0.864856
1.260128
1.259224
6.762583
7.809066
112.010465
1122.878536
1.367955
0.000433
0.000806
0.867369
1.261505
1.259580
6.753631
7.807518
111.911325
1122.191846
1.367855
0.000440
0.000807
0.866149
1.263572
1.264706
6.753894
7.804206
112.093587
1124.022091
1.367026
0.000487
0.000811
0.872043
1.266706
1.279962
6.772213
7.803629
112.578440
1127.355906
1.369316
0.000518
0.000813
0.871664
1.264527
1.277659
6.770872
7.804559
112.491094
1127.500600
1.370600
0.000481
0.000814
0.871916
1.264400
1.276976
6.777700
7.802500
112.490000
1127.500074
1.369200
0.000439
0.000817
0.874480
1.269725
1.284686
6.779731
7.807552
112.939074
1131.290990
1.372998
0.000422
0.000819
0.876166
1.273919
1.295601
6.782674
7.808784
113.183961
1136.617879
1.376357
0.000427
0.000820
0.873775
1.284494
1.304921
6.789104
7.811137
113.353304
1141.596617
1.379285
0.000427
0.000824
0.875671
1.290998
1.312370
6.801887
7.812210
114.155609
1149.285079
1.383625
0.000407
0.000825
0.877259
1.289107
1.315350
6.801144
7.812644
114.124372
1149.192898
1.383972
0.000393
0.000824
0.876801
1.287350
1.314216
6.804584
7.810990
113.858000
1129.242787
1.381630
0.000397
0.000824
0.876801
1.287350
1.314216
6.803930
7.810990
113.858000
1136.017100
1.381630
0.000392
0.000820
0.876301
1.294620
1.316881
6.801697
7.810850
113.689000
1153.639516
1.382080
0.000385
0.000816
0.879407
1.295570
1.316690
6.801557
7.808970
113.196440
1155.195475
1.382130
0.000388
0.000817
0.881407
1.295530
1.315063
6.798688
7.807010
113.264330
1151.625659
1.382020
0.000385
0.000817
0.880499
1.297360
1.311372
6.799184
7.808540
113.196460
1149.316622
1.382190
0.000397
0.000811
0.877971
1.298670
1.304206
6.786989
7.808980
112.813630
1147.331318
1.379880
0.000409
0.000804
0.874944
1.295790
1.299714
6.777059
7.806420
112.340000
1144.151227
1.375500
0.000408
0.000804
0.874944
1.295790
1.299714
6.776509
7.806420
112.340000
1144.195996
1.375500
0.000398
0.000804
0.875358
1.298180
1.300915
6.776888
7.805650
112.095220
1143.473898
1.377210
0.000391
0.000801
0.876378
1.302330
1.304802
6.783188
7.804770
112.335780
1142.056393
1.380320
0.000395
0.000800
0.880320
1.311460
1.314371
6.800772
7.802350
112.169410
1140.930445
1.384630
0.000418
0.000802
0.889245
1.322200
1.316708
6.820511
7.799750
111.937270
1137.174589
1.387000
0.000409
0.000801
0.893400
1.324850
1.319331
6.831538
7.798880
111.482990
1133.716684
1.387440
0.000392
0.000796
0.893168
1.326580
1.320847
6.833036
7.799120
111.249000
1133.399115
1.386480
0.000377
0.000796
0.893168
1.326580
1.320847
6.833599
7.799120
111.249000
1125.980941
1.386480
0.000370
0.000797
0.894927
1.324100
1.322401
6.837573
7.799040
111.274520
1136.076251
1.387880
0.000375
0.000799
0.895841
1.329060
1.324802
6.832121
7.799800
111.215350
1140.039150
1.389650
0.000375
0.000799
0.895841
1.329060
1.324802
6.832121
7.799800
111.215350
1140.039150
1.389650
0.000371
0.000803
0.897489
1.329090
1.322069
6.828704
7.800330
111.343080
1142.318783
1.389780
0.000377
0.000803
0.897167
1.323950
1.316482
6.827222
7.799520
111.574630
1138.851665
1.387840
0.000391
0.000800
0.894031
1.322130
1.313905
6.810221
7.799180
111.138120
1133.232385
1.383830
0.000389
0.000796
0.892977
1.321100
1.310564
6.808611
7.799700
110.843000
1132.404662
1.382060
0.000391
0.000796
0.892977
1.321100
1.310564
6.809493
7.799700
110.843000
1132.181270
1.382060
0.000409
0.000797
0.895351
1.324570
1.314976
6.810770
7.800360
111.042150
1132.295227
1.383550
0.000375
0.000794
0.894150
1.326040
1.317003
6.800445
7.800020
110.017600
1127.015715
1.379660
0.000375
0.000788
0.890646
1.321730
1.320254
6.793734
7.798390
109.825240
1121.355963
1.378170
0.000369
0.000791
0.892562
1.326810
1.325258
6.797611
7.798400
110.025110
1127.531930
1.382350
0.000356
0.000789
0.892124
1.343090
1.326982
6.793148
7.797700
110.055420
1128.850700
1.384040
0.000345
0.000789
0.892977
1.346040
1.327158
6.794443
7.796310
110.285000
1123.991340
1.383240
0.000351
0.000789
0.892977
1.346040
1.327158
6.798037
7.796310
110.285000
1124.042322
1.383240
0.000354
0.000786
0.893455
1.349110
1.327351
6.798168
7.796660
110.299550
1122.714879
1.383360
0.000363
0.000779
0.889711
1.350700
1.325381
6.793945
7.796110
109.935360
1122.439860
1.381940
0.000355
0.000774
0.888170
1.346440
1.325820
6.793940
7.793990
109.465430
1121.579200
1.380760
0.000353
0.000776
0.887745
1.346180
1.334632
6.796730
7.793300
109.716960
1117.193600
1.380170
0.000384
0.000781
0.887887
1.348200
1.339477
6.800842
7.791160
110.503820
1117.407238
1.381280
0.000396
0.000781
0.886093
1.348170
1.343039
6.811500
7.788190
110.353000
1116.819300
1.379940
0.000396
0.000781
0.886093
1.348160
1.343057
6.811760
7.788190
110.353000
1116.819300
1.379940
0.000412
0.000789
0.889830
1.351230
1.350895
6.813220
7.791450
111.163190
1119.570100
1.384480
0.000417
0.000789
0.890480
1.349650
1.351351
6.804270
7.791050
111.098660
1119.820800
1.384920
0.000445
0.000791
0.892714
1.347270
1.342354
6.827850
7.791180
110.827850
1119.319500
1.383850
0.000442
0.000790
0.896435
1.346940
1.342949
6.855410
7.793010
110.950900
1122.838500
1.386100
0.000447
0.000789
0.894815
1.345160
1.343905
6.857520
7.793740
111.307000
1113.089900
1.384180
0.000451
0.000789
0.893951
1.343950
1.342138
6.852480
7.792630
111.254000
1118.818500
1.380770
0.000417
0.000789
0.893951
1.343950
1.342138
6.852260
7.792630
111.254000
1117.943000
1.380770
0.000417
0.000792
0.893080
1.346770
1.343292
6.859820
7.792570
111.370720
1118.068000
1.383710
0.000388
0.000795
0.891059
1.342680
1.336559
6.874270
7.789980
111.713250
1117.943000
1.384510
0.000423
0.000798
0.893823
1.349430
1.338545
6.890320
7.788330
111.838520
1122.838500
1.388810
0.000455
0.000794
0.890432
1.348820
1.335060
6.888350
7.786690
111.261540
1120.824900
1.387670
0.000467
0.000796
0.891806
1.351250
1.340483
6.885120
7.784680
111.307630
1115.697900
1.386540
0.000488
0.000796
0.891997
1.350710
1.340680
6.878680
7.782610
111.182000
1116.445200
1.384850
0.000501
0.000796
0.891997
1.350710
1.340680
6.883950
7.782610
111.182000
1116.320600
1.384850
0.000517
0.000799
0.896740
1.357350
1.344520
6.889420
7.782420
111.356090
1121.705000
1.389350
0.000542
0.000795
0.898053
1.361510
1.344556
6.887530
7.783720
111.000040
1125.492400
1.391560
0.000549
0.000801
0.899709
1.360960
1.347909
6.886200
7.787150
112.105160
1117.943000
1.393260
0.000573
0.000810
0.906306
1.361640
1.347437
6.889730
7.787240
113.426060
1115.697900
1.396700
0.000571
0.000812
0.913017
1.365980
1.348654
6.896830
7.789340
113.482870
1112.594600
1.400620
0.000557
0.000813
0.914503
1.370500
1.353088
6.898940
7.792790
113.307000
1121.830800
1.403160
0.000583
0.000813
0.914503
1.370500
1.353088
6.898220
7.792790
113.307000
1121.910000
1.403160
0.000564
0.000814
0.918468
1.370510
1.353711
6.900850
7.792150
113.607230
1124.353500
1.406670
0.000545
0.000818
0.919938
1.370930
1.357995
6.903070
7.788140
114.054590
1127.522800
1.409350
0.000570
0.000818
0.919168
1.369320
1.357497
6.903960
7.785490
113.928010
1133.529800
1.410330
0.000581
0.000817
0.916969
1.370420
1.359120
6.905710
7.783980
113.669990
1135.202600
1.408770
0.000619
0.000813
0.912567
1.367670
1.351388
6.902310
7.784030
112.783040
1126.760600
1.404590
0.000643
0.000813
0.908769
1.364160
1.346312
6.865290
7.783030
112.638000
1132.246400
1.404010
0.000640
0.000813
0.908769
1.364160
1.346312
6.901760
7.783030
112.638000
1134.301300
1.404010
0.000635
0.000813
0.910739
1.374400
1.351187
6.898090
7.783190
112.470910
1136.492800
1.403130
0.000642
0.000810
0.915499
1.373100
1.349564
6.895990
7.781590
112.723650
1132.631100
1.398680
0.000677
0.000798
0.915810
1.371660
1.335613
6.893600
7.781010
112.212400
1129.433000
1.394380
0.000707
0.000796
0.916355
1.368570
1.328039
6.894890
7.780070
112.032730
1129.433000
1.394870
0.000734
0.000792
0.917305
1.366220
1.331984
6.903770
7.777670
111.652330
1130.071200
1.396760
0.000763
0.000788
0.917330
1.364450
1.334917
6.896020
7.777480
111.489000
1136.363600
1.396310
0.000445
0.000791
0.892714
1.347270
1.342354
6.827850
7.791180
110.827850
1119.319500
1.383850
0.000442
0.000790
0.896435
1.346940
1.342949
6.855410
7.793010
110.950900
1122.838500
1.386100
0.000447
0.000789
0.894815
1.345160
1.343905
6.857520
7.793740
111.307000
1113.089900
1.384180
0.000451
0.000789
0.893951
1.343950
1.342138
6.852480
7.792630
111.254000
1118.818500
1.380770
0.000417
0.000789
0.893951
1.343950
1.342138
6.852260
7.792630
111.254000
1117.943000
1.380770
0.000417
0.000792
0.893080
1.346770
1.343292
6.859820
7.792570
111.370720
1118.068000
1.383710
0.000388
0.000795
0.891059
1.342680
1.336559
6.874270
7.789980
111.713250
1117.943000
1.384510
0.000423
0.000798
0.893823
1.349430
1.338545
6.890320
7.788330
111.838520
1122.838500
1.388810
0.000455
0.000794
0.890432
1.348820
1.335060
6.888350
7.786690
111.261540
1120.824900
1.387670
0.000467
0.000796
0.891806
1.351250
1.340483
6.885120
7.784680
111.307630
1115.697900
1.386540
0.000488
0.000796
0.891997
1.350710
1.340680
6.878680
7.782610
111.182000
1116.445200
1.384850
0.000501
0.000796
0.891997
1.350710
1.340680
6.883950
7.782610
111.182000
1116.320600
1.384850
0.000517
0.000799
0.896740
1.357350
1.344520
6.889420
7.782420
111.356090
1121.705000
1.389350
0.000542
0.000795
0.898053
1.361510
1.344556
6.887530
7.783720
111.000040
1125.492400
1.391560
0.000549
0.000801
0.899709
1.360960
1.347909
6.886200
7.787150
112.105160
1117.943000
1.393260
0.000573
0.000810
0.906306
1.361640
1.347437
6.889730
7.787240
113.426060
1115.697900
1.396700
0.000571
0.000812
0.913017
1.365980
1.348654
6.896830
7.789340
113.482870
1112.594600
1.400620
0.000557
0.000813
0.914503
1.370500
1.353088
6.898940
7.792790
113.307000
1121.830800
1.403160
0.000583
0.000813
0.914503
1.370500
1.353088
6.898220
7.792790
113.307000
1121.910000
1.403160
0.000564
0.000814
0.918468
1.370510
1.353711
6.900850
7.792150
113.607230
1124.353500
1.406670
0.000545
0.000818
0.919938
1.370930
1.357995
6.903070
7.788140
114.054590
1127.522800
1.409350
0.000570
0.000818
0.919168
1.369320
1.357497
6.903960
7.785490
113.928010
1133.529800
1.410330
0.000581
0.000817
0.916969
1.370420
1.359120
6.905710
7.783980
113.669990
1135.202600
1.408770
0.000619
0.000813
0.912567
1.367670
1.351388
6.902310
7.784030
112.783040
1126.760600
1.404590
0.000643
0.000813
0.908769
1.364160
1.346312
6.865290
7.783030
112.638000
1132.246400
1.404010
0.000640
0.000813
0.908769
1.364160
1.346312
6.901760
7.783030
112.638000
1134.301300
1.404010
0.000635
0.000813
0.910739
1.374400
1.351187
6.898090
7.783190
112.470910
1136.492800
1.403130
0.000642
0.000810
0.915499
1.373100
1.349564
6.895990
7.781590
112.723650
1132.631100
1.398680
0.000677
0.000798
0.915810
1.371660
1.335613
6.893600
7.781010
112.212400
1129.433000
1.394380
0.000707
0.000796
0.916355
1.368570
1.328039
6.894890
7.780070
112.032730
1129.433000
1.394870
0.000734
0.000792
0.917305
1.366220
1.331984
6.903770
7.777670
111.652330
1130.071200
1.396760
0.000763
0.000788
0.917330
1.364450
1.334917
6.896020
7.777480
111.489000
1136.363600
1.396310
0.000763
0.000788
0.917330
1.364450
1.334917
6.896020
7.777480
111.489000
1136.363600
1.396310
0.000765
0.000788
0.917330
1.364450
1.334917
6.894500
7.777480
111.489000
1136.363600
1.396310
0.000763
0.000790
0.918113
1.364780
1.337936
6.894910
7.779120
111.325150
1134.687400
1.396420
0.000769
0.000790
0.917819
1.359830
1.338240
6.894790
7.780830
111.255680
1131.349700
1.396130
0.000780
0.000791
0.916464
1.358020
1.333422
6.888290
7.780870
111.297910
1128.158800
1.394810
0.000795
0.000787
0.918105
1.356360
1.325170
6.884310
7.780610
110.397280
1128.413500
1.392880
0.000807
0.000785
0.920929
1.347680
1.322192
6.845160
7.777310
110.027200
1126.253000
1.393340
0.000813
0.000778
0.931828
1.348870
1.324170
6.877530
7.774230
109.017000
1131.093800
1.395980
0.000819
0.000778
0.931828
1.348870
1.324170
6.883890
7.774230
109.017000
1133.401300
1.395980
0.000808
0.000780
0.933785
1.348260
1.327633
6.883490
7.775260
109.181140
1134.816200
1.397180
0.000819
0.000781
0.931532
1.347970
1.330212
6.883790
7.774830
109.061660
1138.044800
1.397330
0.000830
0.000779
0.932714
1.342390
1.329328
6.884510
7.774450
108.751500
1139.860900
1.397160
0.000832
0.000778
0.937023
1.334800
1.322961
6.876530
7.773660
108.824040
1134.945000
1.397760
0.000843
0.000775
0.940442
1.329850
1.317297
6.881530
7.772790
108.451380
1128.923000
1.395660
0.000853
0.000776
0.941948
1.332270
1.318531
6.887250
7.771940
108.596000
1105.216600
1.396930
0.000847
0.000776
0.941948
1.332270
1.318531
6.886800
7.771940
108.596000
1106.317100
1.396930
0.000853
0.000776
0.941673
1.332180
1.320550
6.882400
7.772940
108.874440
1134.301300
1.397380
0.000846
0.000777
0.939311
1.325400
1.320707
6.885300
7.772910
109.030450
1131.477700
1.396060
0.000824
0.000784
0.942356
1.331480
1.334312
6.893710
7.771120
109.562210
1140.250900
1.401180
0.000829
0.000793
0.943254
1.332530
1.332942
6.899420
7.770920
110.397680
1144.426600
1.404470
0.000835
0.000798
0.944519
1.338460
1.334330
6.908790
7.769650
111.223990
1136.363600
1.405860
0.000843
0.000797
0.944002
1.339790
1.331877
6.899680
7.768350
111.041000
1111.605200
1.404450
0.000849
0.000797
0.944002
1.339790
1.331877
6.903170
7.768350
111.040000
1122.334500
1.404450
0.000845
0.000793
0.940734
1.340090
1.329133
6.898480
7.769560
110.747120
1133.144500
1.402520
0.000870
0.000797
0.937849
1.342940
1.324065
6.897050
7.769520
110.671310
1129.688200
1.401470
0.000891
0.000798
0.937075
1.340250
1.320463
6.891290
7.769680
110.874850
1124.479900
1.399470
0.000879
0.000796
0.937849
1.340870
1.319993
6.886850
7.770580
110.603760
1120.573700
1.397950
0.000898
0.000801
0.937321
1.334600
1.313698
6.883520
7.771180
111.252110
1115.449000
1.396690
0.000925
0.000800
0.938104
1.331500
1.310444
6.888250
7.769870
111.369000
1115.200200
1.396200
0.000929
0.000800
0.938104
1.331500
1.310444
6.888730
7.769870
111.369000
1116.196000
1.396200
0.000948
0.000804
0.936067
1.332830
1.308079
6.890530
7.770470
111.749510
1116.944000
1.397400
0.000965
0.000800
0.931359
1.332420
1.304665
6.890520
7.770440
111.264080
1114.454500
1.395110
0.000965
0.000800
0.931359
1.332420
1.304665
6.890520
7.770440
111.264080
1114.454500
1.395110
0.000968
0.000799
0.926964
1.337140
1.306728
6.887990
7.768380
111.068980
1112.470800
1.395830
0.000961
0.000797
0.921396
1.338340
1.311974
6.880560
7.767460
110.642890
1111.728700
1.394210
0.001005
0.000796
0.920666
1.334910
1.311028
6.867560
7.767100
110.419600
1110.001100
1.393880
0.001027
0.000803
0.925754
1.337430
1.311407
6.878320
7.765940
111.286000
1115.324600
1.398390
0.001043
0.000803
0.925754
1.337420
1.311407
6.877610
7.765940
111.287000
1116.196000
1.398390
0.000984
0.000803
0.926879
1.336460
1.311837
6.887410
7.767030
111.130590
1118.818500
1.399540
0.000955
0.000802
0.926973
1.333220
1.307412
6.885870
7.766890
111.159070
1118.693400
1.399300
0.000934
0.000802
0.925814
1.336670
1.303883
6.885140
7.766500
111.346060
1120.322700
1.399520
0.000920
0.000809
0.927403
1.333330
1.295471
6.896610
7.765620
112.405750
1116.819300
1.397750
0.000961
0.000811
0.929973
1.334080
1.294867
6.896330
7.764510
112.638340
1114.951500
1.398210
0.000991
0.000813
0.931133
1.334340
1.297101
6.896880
7.760880
112.660000
1099.384300
1.401700
0.000955
0.000813
0.931133
1.334340
1.297101
6.895410
7.760880
112.660000
1118.318000
1.401700
0.000874
0.000814
0.929403
1.332840
1.300390
6.902150
7.762690
113.133510
1128.923000
1.401890
0.000825
0.000816
0.931828
1.330780
1.300796
6.899680
7.763940
113.318540
1128.031600
1.402750
0.000808
0.000831
0.940530
1.344620
1.317055
6.913140
7.768130
114.558670
1142.596000
1.412160
0.000810
0.000831
0.939752
1.346250
1.322559
6.914910
7.767250
114.843850
1147.446900
1.414680
0.000816
0.000829
0.936408
1.345030
1.321213
6.898200
7.764630
114.717710
1138.563100
1.412400
0.000837
0.000830
0.936400
1.346550
1.325293
6.903380
7.763810
114.744370
1147.183700
1.411320
0.000887
0.000830
0.936444
1.346650
1.325276
6.906180
7.763770
114.751680
1147.183700
1.411340
0.000862
0.000834
0.941815
1.348830
1.328921
6.911470
7.765000
115.170250
1153.934900
1.417480
0.000859
0.000829
0.947221
1.350310
1.330743
6.912480
7.766240
114.615200
1156.336700
1.419210
0.000836
0.000824
0.947041
1.343590
1.321021
6.906780
7.766030
114.093220
1149.293200
1.413500
0.000818
0.000818
0.945269
1.340450
1.316032
6.899850
7.764350
113.955740
1149.557400
1.410900
0.000793
0.000812
0.943263
1.339330
1.317940
6.883870
7.763570
113.836580
1144.557600
1.410550
0.000798
0.000809
0.940999
1.337030
1.316136
6.894390
7.762220
113.955000
1151.277900
1.409080
0.000799
0.000809
0.941026
1.337050
1.316153
6.894310
7.762250
113.954890
1151.012900
1.409090
0.000795
0.000812
0.949019
1.339840
1.321860
6.896450
7.763180
114.307420
1153.003600
1.413520
0.000809
0.000805
0.949992
1.336300
1.311372
6.884730
7.762730
114.182510
1143.379800
1.411110
0.000834
0.000803
0.947517
1.332160
1.305159
6.877580
7.762700
113.463590
1139.601100
1.407920
0.000842
0.000798
0.943824
1.320270
1.302270
6.868260
7.761620
112.352000
1129.430000
1.401780
0.000853
0.000796
0.945063
1.310970
1.301590
6.872250
7.760820
112.245000
1123.970000
1.404360
0.000872
0.000795
0.946468
1.308840
1.302020
6.861670
7.760390
112.017000
1128.920000
1.404040
0.000874
0.000795
0.946486
1.308900
1.302070
6.865870
7.760400
112.021000
1129.180000
1.404020
0.000868
0.000798
0.944840
1.309840
1.298820
6.868840
7.760310
112.506000
1129.690000
1.405070
0.000883
0.000806
0.946656
1.313580
1.298410
6.873390
7.759610
113.051000
1134.690000
1.411830
0.000903
0.000809
0.949325
1.315440
1.300800
6.878870
7.760610
113.350000
1140.510000
1.417880
0.000927
0.000810
0.946351
1.313770
1.303590
6.882800
7.760970
113.522000
1144.160000
1.420570