7 15 4
0.815 0.906 0.127 0.913 0.632 0.098 0.278 0.547 
0.958 0.965 0.158 0.971 0.957 0.485 0.800 0.142 
0.422 0.916 0.792 0.959 0.656 0.036 0.849 0.934 
0.679 0.758 0.743 0.392 0.655 0.171 0.706 0.032 
0.277 0.046 0.097 0.823 0.695 0.317 0.950 0.034 
0.439 0.382 0.766 0.795 0.187 0.490 0.446 0.646 
0.709 0.755 0.276 0.680 0.655 0.163 0.119 0.498 
0.960 0.340 0.585 0.224 0.751 0.255 0.506 0.699 
0.891 0.959 0.547 0.139 0.149 0.258 0.841 0.254 
0.814 0.244 0.929 0.350 0.197 0.251 0.616 0.473 
0.352 0.831 0.585 0.550 0.917 0.286 0.757 0.754 
0.380 0.568 0.076 0.054 0.531 0.779 0.934 0.130 
0.569 0.469 0.012 0.337 0.162 0.794 0.311 0.529 
0.166 0.602 0.263 0.654 0.689 0.748 0.451 0.084 
0.229 0.913 0.152 0.826 0.538 0.996 0.078 0.443 
0.815 0.906 0.127 0.913 0.632 0.098 0.278 0.547 0.958 0.965 0.158 0.971 0.957 0.485 0.800 0.142 
0.958 0.965 0.158 0.971 0.957 0.485 0.800 0.142 0.422 0.916 0.792 0.959 0.656 0.036 0.849 0.934 
0.422 0.916 0.792 0.959 0.656 0.036 0.849 0.934 0.679 0.758 0.743 0.392 0.655 0.171 0.706 0.032 
0.679 0.758 0.743 0.392 0.655 0.171 0.706 0.032 0.277 0.046 0.097 0.823 0.695 0.317 0.950 0.034 
