7 15 4 
0.894 0.869 0.058 0.836 0.585 0.035 0.201 0.462 
0.999 0.942 0.118 0.928 0.932 0.452 0.759 0.098 
0.422 0.916 0.792 0.959 0.656 0.036 0.849 0.934 
0.735 0.728 0.690 0.334 0.621 0.126 0.650 -0.029 
0.264 0.043 0.098 0.828 0.701 0.328 0.959 0.047 
0.465 0.368 0.741 0.768 0.171 0.470 0.420 0.618 
0.672 0.763 0.298 0.709 0.675 0.193 0.151 0.537 
0.961 0.330 0.574 0.215 0.748 0.254 0.501 0.696 
0.851 0.970 0.573 0.172 0.171 0.290 0.876 0.296 
0.787 0.249 0.944 0.370 0.211 0.273 0.639 0.501 
0.370 0.821 0.567 0.531 0.906 0.272 0.739 0.735 
0.436 0.551 0.035 0.005 0.499 0.733 0.882 0.070 
0.583 0.450 -0.014 0.313 0.151 0.783 0.292 0.512 
0.227 0.577 0.213 0.597 0.653 0.699 0.393 0.019 
0.209 0.920 0.167 0.844 0.550 1.012 0.096 0.465 
0.815 0.906 0.127 0.913 0.632 0.098 0.278 0.547 0.958 0.965 0.158 0.971 0.957 0.485 0.800 0.142 
0.962 0.961 0.154 0.967 0.953 0.481 0.796 0.138 0.418 0.912 0.788 0.955 0.652 0.033 0.845 0.930 
0.477 0.865 0.739 0.904 0.605 -0.016 0.795 0.883 0.628 0.707 0.691 0.337 0.605 0.123 0.654 -0.022 
1.152 0.476 0.379 -0.058 0.362 -0.195 0.308 -0.267 -0.027 -0.225 -0.221 0.391 0.368 0.021 0.581 -0.373 
