7 15 4 
1.046 0.824 -0.037 0.717 0.500 -0.089 0.059 0.300 
1.061 0.909 0.062 0.866 0.894 0.403 0.696 0.030 
0.423 0.914 0.790 0.958 0.655 0.036 0.848 0.933 
0.836 0.686 0.610 0.242 0.562 0.045 0.553 -0.137 
0.242 0.044 0.105 0.840 0.712 0.346 0.977 0.070 
0.500 0.348 0.708 0.733 0.150 0.442 0.384 0.580 
0.668 0.751 0.290 0.705 0.675 0.197 0.148 0.540 
0.983 0.309 0.545 0.187 0.733 0.237 0.474 0.671 
0.842 0.964 0.572 0.174 0.174 0.298 0.880 0.305 
0.781 0.240 0.939 0.369 0.213 0.279 0.640 0.507 
0.384 0.813 0.553 0.516 0.897 0.260 0.725 0.719 
0.507 0.540 -0.000 -0.043 0.462 0.676 0.821 -0.003 
0.592 0.437 -0.037 0.293 0.143 0.776 0.280 0.501 
0.309 0.552 0.157 0.529 0.607 0.632 0.317 -0.069 
0.184 0.929 0.185 0.865 0.564 1.033 0.120 0.491 
0.815 0.906 0.127 0.913 0.632 0.098 0.278 0.547 0.958 0.965 0.158 0.971 0.957 0.485 0.800 0.142 
0.967 0.957 0.149 0.962 0.949 0.477 0.791 0.134 0.414 0.908 0.784 0.950 0.648 0.028 0.841 0.925 
0.868 0.553 0.388 0.519 0.288 -0.372 0.433 0.540 0.297 0.364 0.346 -0.041 0.268 -0.191 0.308 -0.396 
1.259 0.650 0.401 -0.144 0.486 -0.219 0.279 -0.234 0.020 -0.172 -0.201 0.325 0.405 0.046 0.598 -0.427 
