7 15 4 
1.032 0.816 -0.042 0.722 0.506 -0.077 0.071 0.315 
1.060 0.906 0.058 0.865 0.894 0.404 0.697 0.031 
0.425 0.913 0.788 0.955 0.654 0.034 0.845 0.931 
0.831 0.680 0.604 0.242 0.563 0.049 0.556 -0.133 
0.258 0.035 0.088 0.821 0.702 0.333 0.960 0.051 
0.502 0.344 0.703 0.729 0.148 0.440 0.382 0.577 
0.692 0.735 0.263 0.675 0.659 0.178 0.122 0.513 
1.004 0.294 0.520 0.161 0.719 0.221 0.452 0.648 
0.868 0.946 0.542 0.142 0.158 0.278 0.852 0.277 
0.802 0.227 0.916 0.343 0.200 0.262 0.617 0.484 
0.384 0.812 0.552 0.515 0.897 0.260 0.724 0.718 
0.516 0.523 -0.022 -0.059 0.454 0.669 0.809 -0.014 
0.619 0.416 -0.070 0.258 0.126 0.755 0.250 0.471 
0.304 0.546 0.153 0.530 0.609 0.637 0.321 -0.064 
0.195 0.923 0.173 0.852 0.557 1.024 0.108 0.479 
0.815 0.906 0.127 0.913 0.632 0.098 0.278 0.547 0.958 0.965 0.158 0.971 0.957 0.485 0.800 0.142 
0.967 0.957 0.149 0.962 0.949 0.476 0.791 0.134 0.414 0.908 0.783 0.950 0.648 0.028 0.840 0.925 
0.844 0.562 0.409 0.543 0.303 -0.347 0.455 0.567 0.323 0.392 0.372 -0.018 0.287 -0.162 0.326 -0.372 
1.199 0.638 0.430 -0.089 0.486 -0.174 0.320 -0.195 0.050 -0.138 -0.163 0.374 0.420 0.066 0.623 -0.379 
