7 15 5 
0.831 0.892 0.107 0.893 0.621 0.086 0.261 0.529 
0.966 0.958 0.148 0.961 0.952 0.479 0.791 0.133 
0.423 0.915 0.791 0.958 0.655 0.035 0.848 0.933 
0.693 0.746 0.725 0.374 0.646 0.160 0.691 0.016 
0.276 0.047 0.098 0.824 0.695 0.318 0.951 0.035 
0.446 0.375 0.756 0.785 0.182 0.484 0.438 0.638 
0.702 0.761 0.285 0.689 0.660 0.168 0.127 0.506 
0.964 0.336 0.580 0.219 0.748 0.252 0.502 0.695 
0.886 0.963 0.553 0.145 0.152 0.262 0.846 0.260 
0.813 0.245 0.930 0.351 0.198 0.252 0.617 0.474 
0.356 0.827 0.580 0.545 0.914 0.283 0.752 0.749 
0.399 0.551 0.051 0.029 0.518 0.764 0.913 0.108 
0.578 0.461 -0.000 0.325 0.156 0.787 0.301 0.519 
0.181 0.589 0.243 0.634 0.679 0.736 0.434 0.067 
0.227 0.914 0.154 0.828 0.539 0.997 0.080 0.445 
0.815 0.906 0.127 0.913 0.632 0.098 0.278 0.547 0.958 0.965 0.158 0.971 0.957 0.485 0.800 0.142 
0.958 0.965 0.158 0.971 0.957 0.485 0.800 0.142 0.422 0.916 0.792 0.959 0.656 0.036 0.849 0.934 
0.424 0.914 0.790 0.957 0.654 0.034 0.847 0.932 0.677 0.756 0.741 0.390 0.653 0.169 0.704 0.030 
1.176 0.293 0.262 -0.102 0.187 -0.297 0.222 -0.427 -0.179 -0.409 -0.366 0.332 0.242 -0.116 0.474 -0.450 
0.349 -0.022 0.027 0.751 0.627 0.249 0.880 -0.033 0.372 0.316 0.699 0.724 0.121 0.427 0.377 0.576 
