7 15 4 
0.849 0.887 0.091 0.875 0.611 0.071 0.244 0.510 
0.976 0.954 0.138 0.950 0.945 0.471 0.782 0.122 
0.422 0.916 0.792 0.959 0.656 0.036 0.849 0.934 
0.703 0.743 0.717 0.365 0.640 0.152 0.682 0.006 
0.268 0.047 0.102 0.830 0.700 0.324 0.957 0.043 
0.451 0.375 0.753 0.781 0.180 0.481 0.434 0.633 
0.685 0.763 0.296 0.704 0.669 0.182 0.140 0.523 
0.957 0.337 0.585 0.225 0.752 0.258 0.507 0.702 
0.864 0.970 0.571 0.167 0.165 0.280 0.866 0.282 
0.797 0.249 0.943 0.366 0.207 0.265 0.631 0.491 
0.360 0.826 0.576 0.540 0.912 0.279 0.748 0.745 
0.411 0.553 0.046 0.021 0.512 0.754 0.905 0.097 
0.572 0.461 0.004 0.330 0.159 0.792 0.305 0.524 
0.196 0.587 0.234 0.622 0.671 0.724 0.423 0.052 
0.218 0.918 0.162 0.838 0.545 1.005 0.088 0.455 
0.815 0.906 0.127 0.913 0.632 0.098 0.278 0.547 0.958 0.965 0.158 0.971 0.957 0.485 0.800 0.142 
0.960 0.963 0.156 0.969 0.955 0.483 0.798 0.140 0.420 0.914 0.790 0.957 0.654 0.034 0.847 0.932 
0.444 0.896 0.771 0.937 0.636 0.015 0.828 0.914 0.659 0.738 0.723 0.370 0.635 0.152 0.685 0.011 
1.176 0.353 0.298 -0.094 0.244 -0.265 0.245 -0.371 -0.127 -0.339 -0.317 0.347 0.289 -0.067 0.506 -0.428 
