0.850 1.258 1.261 0.667 0.782 1.092 1.138 1.363 1 1 0 0 0 
0.851 1.262 1.263 0.667 0.782 1.092 1.140 1.364 1 1 0 0 0 
0.852 1.264 1.262 0.667 0.782 1.098 1.138 1.365 1 1 0 0 0 
0.852 1.271 1.270 0.669 0.782 1.106 1.138 1.366 1 1 0 0 0 
0.851 1.274 1.276 0.668 0.782 1.104 1.135 1.366 1 1 0 0 0 
0.847 1.270 1.270 0.667 0.782 1.096 1.138 1.362 1 1 0 0 0 
0.846 1.267 1.266 0.666 0.782 1.091 1.142 1.360 1 1 0 0 0 
0.846 1.266 1.267 0.666 0.782 1.092 1.142 1.360 1 1 0 0 0 
0.848 1.271 1.270 0.667 0.782 1.091 1.143 1.362 1 1 0 0 0 
0.851 1.272 1.269 0.666 0.782 1.096 1.142 1.364 1 1 0 0 0 
0.852 1.269 1.269 0.668 0.782 1.099 1.137 1.363 1 1 0 0 0 
0.848 1.267 1.263 0.671 0.782 1.105 1.126 1.362 1 1 0 0 0 
0.848 1.267 1.263 0.672 0.782 1.108 1.127 1.362 1 1 0 0 0 
0.849 1.264 1.261 0.672 0.782 1.108 1.127 1.361 1 1 0 0 0 
0.849 1.264 1.261 0.673 0.782 1.107 1.127 1.360 1 1 0 0 0 
0.845 1.260 1.258 0.672 0.782 1.104 1.126 1.359 1 0 0 0 0 
0.845 1.256 1.256 0.672 0.782 1.106 1.122 1.359 1 0 0 0 0 
0.846 1.250 1.251 0.672 0.781 1.103 1.120 1.357 1 0 0 0 0 
0.850 1.248 1.253 0.672 0.781 1.105 1.120 1.357 1 0 0 0 0 
0.851 1.244 1.252 0.674 0.781 1.106 1.123 1.357 1 0 0 0 0 
0.851 1.243 1.251 0.674 0.781 1.106 1.123 1.356 1 0 0 0 0 
0.853 1.250 1.254 0.674 0.781 1.109 1.121 1.358 1 0 0 0 0 
0.854 1.249 1.250 0.674 0.781 1.112 1.114 1.358 1 0 0 0 0 
0.858 1.250 1.261 0.675 0.781 1.117 1.117 1.361 1 1 0 0 0 
0.858 1.251 1.260 0.675 0.781 1.114 1.116 1.361 1 1 0 0 0 
0.858 1.252 1.261 0.675 0.781 1.110 1.115 1.362 1 1 0 0 0 
0.857 1.254 1.264 0.676 0.781 1.111 1.118 1.362 1 1 0 0 0 
0.857 1.254 1.264 0.676 0.781 1.111 1.118 1.362 1 1 0 0 0 
0.857 1.254 1.264 0.677 0.781 1.111 1.118 1.362 1 1 0 0 0 
0.858 1.257 1.263 0.677 0.781 1.115 1.118 1.364 1 1 0 0 0 
0.865 1.260 1.259 0.676 0.781 1.120 1.123 1.368 1 1 0 0 0 
0.867 1.262 1.260 0.675 0.781 1.119 1.122 1.368 1 1 0 0 0 
0.866 1.264 1.265 0.675 0.780 1.121 1.124 1.367 1 1 0 0 0 
0.872 1.267 1.280 0.677 0.780 1.126 1.127 1.369 1 1 0 0 0 
0.872 1.265 1.278 0.677 0.780 1.125 1.128 1.371 1 1 0 0 0 
0.872 1.264 1.277 0.678 0.780 1.125 1.128 1.369 1 1 0 0 0 
0.874 1.270 1.285 0.678 0.781 1.129 1.131 1.373 1 1 0 0 0 
0.876 1.274 1.296 0.678 0.781 1.132 1.137 1.376 1 1 0 0 0 
0.874 1.284 1.305 0.679 0.781 1.134 1.142 1.379 1 1 0 0 0 
0.876 1.291 1.312 0.680 0.781 1.142 1.149 1.384 1 1 1 0 0 
0.877 1.289 1.315 0.680 0.781 1.141 1.149 1.384 1 1 1 0 0 
0.877 1.287 1.314 0.680 0.781 1.139 1.129 1.382 1 1 1 0 0 
0.877 1.287 1.314 0.680 0.781 1.139 1.136 1.382 1 1 1 0 0 
0.876 1.295 1.317 0.680 0.781 1.137 1.154 1.382 1 1 1 0 0 
0.879 1.296 1.317 0.680 0.781 1.132 1.155 1.382 1 1 1 0 0 
0.881 1.296 1.315 0.680 0.781 1.133 1.152 1.382 1 1 1 0 0 
0.880 1.297 1.311 0.680 0.781 1.132 1.149 1.382 1 1 1 0 0 
0.878 1.299 1.304 0.679 0.781 1.128 1.147 1.380 1 1 1 0 0 
0.875 1.296 1.300 0.678 0.781 1.123 1.144 1.375 1 1 0 0 0 
0.875 1.296 1.300 0.678 0.781 1.123 1.144 1.375 1 1 0 0 0 
0.875 1.298 1.301 0.678 0.781 1.121 1.143 1.377 1 1 0 0 0 
0.876 1.302 1.305 0.678 0.780 1.123 1.142 1.380 1 1 1 0 0 
0.880 1.311 1.314 0.680 0.780 1.122 1.141 1.385 1 1 1 0 0 
0.889 1.322 1.317 0.682 0.780 1.119 1.137 1.387 1 1 1 0 0 
0.893 1.325 1.319 0.683 0.780 1.115 1.134 1.387 1 1 1 0 0 
0.893 1.327 1.321 0.683 0.780 1.112 1.133 1.386 1 1 1 0 0 
0.893 1.327 1.321 0.683 0.780 1.112 1.126 1.386 1 1 1 0 0 
0.895 1.324 1.322 0.684 0.780 1.113 1.136 1.388 1 1 1 0 0 
0.896 1.329 1.325 0.683 0.780 1.112 1.140 1.390 1 1 1 0 0 
0.896 1.329 1.325 0.683 0.780 1.112 1.140 1.390 1 1 1 0 0 
0.897 1.329 1.322 0.683 0.780 1.113 1.142 1.390 1 1 1 0 0 
0.897 1.324 1.316 0.683 0.780 1.116 1.139 1.388 1 1 1 0 0 
0.894 1.322 1.314 0.681 0.780 1.111 1.133 1.384 1 1 1 0 0 
0.893 1.321 1.311 0.681 0.780 1.108 1.132 1.382 1 1 1 0 0 
0.893 1.321 1.311 0.681 0.780 1.108 1.132 1.382 1 1 1 0 0 
0.895 1.325 1.315 0.681 0.780 1.110 1.132 1.384 1 1 1 0 0 
0.894 1.326 1.317 0.680 0.780 1.100 1.127 1.380 1 1 1 0 0 
0.891 1.322 1.320 0.679 0.780 1.098 1.121 1.378 1 1 0 0 0 
0.893 1.327 1.325 0.680 0.780 1.100 1.128 1.382 1 1 1 0 0 
0.892 1.343 1.327 0.679 0.780 1.101 1.129 1.384 1 1 1 0 0 
0.893 1.346 1.327 0.679 0.780 1.103 1.124 1.383 1 1 1 0 0 
0.893 1.346 1.327 0.680 0.780 1.103 1.124 1.383 1 1 1 0 0 
0.893 1.349 1.327 0.680 0.780 1.103 1.123 1.383 1 1 1 0 0 
0.890 1.351 1.325 0.679 0.780 1.099 1.122 1.382 1 1 1 0 0 
0.888 1.346 1.326 0.679 0.779 1.095 1.122 1.381 1 1 1 0 0 
0.888 1.346 1.335 0.680 0.779 1.097 1.117 1.380 1 1 1 0 0 
0.888 1.348 1.339 0.680 0.779 1.105 1.117 1.381 1 1 1 0 0 
0.886 1.348 1.343 0.681 0.779 1.104 1.117 1.380 1 1 1 0 0 
0.886 1.348 1.343 0.681 0.779 1.104 1.117 1.380 1 1 1 0 0 
0.890 1.351 1.351 0.681 0.779 1.112 1.120 1.384 1 1 1 0 0 
0.890 1.350 1.351 0.680 0.779 1.111 1.120 1.385 1 1 1 0 0 
0.893 1.347 1.342 0.683 0.779 1.108 1.119 1.384 1 1 1 0 0 
0.896 1.347 1.343 0.686 0.779 1.110 1.123 1.386 1 1 1 0 0 
0.895 1.345 1.344 0.686 0.779 1.113 1.113 1.384 1 1 1 0 0 
0.894 1.344 1.342 0.685 0.779 1.113 1.119 1.381 1 1 1 0 0 
0.894 1.344 1.342 0.685 0.779 1.113 1.118 1.381 1 1 1 0 0 
0.893 1.347 1.343 0.686 0.779 1.114 1.118 1.384 1 1 1 0 0 
0.891 1.343 1.337 0.687 0.779 1.117 1.118 1.385 1 1 1 0 0 
0.894 1.349 1.339 0.689 0.779 1.118 1.123 1.389 1 1 1 0 0 
0.890 1.349 1.335 0.689 0.779 1.113 1.121 1.388 1 1 1 0 0 
0.892 1.351 1.340 0.689 0.778 1.113 1.116 1.387 1 1 1 0 0 
0.892 1.351 1.341 0.688 0.778 1.112 1.116 1.385 1 1 1 0 0 
0.892 1.351 1.341 0.688 0.778 1.112 1.116 1.385 1 1 1 0 0 
0.897 1.357 1.345 0.689 0.778 1.114 1.122 1.389 1 1 1 0 0 
0.898 1.362 1.345 0.689 0.778 1.110 1.125 1.392 1 1 1 0 0 
0.900 1.361 1.348 0.689 0.779 1.121 1.118 1.393 1 1 1 0 0 
0.906 1.362 1.347 0.689 0.779 1.134 1.116 1.397 1 1 1 0 0 
0.913 1.366 1.349 0.690 0.779 1.135 1.113 1.401 1 1 1 1 0 
0.915 1.371 1.353 0.690 0.779 1.133 1.122 1.403 1 1 1 1 0 
0.915 1.371 1.353 0.690 0.779 1.133 1.122 1.403 1 1 1 1 0 
0.918 1.371 1.354 0.690 0.779 1.136 1.124 1.407 1 1 1 1 0 
0.920 1.371 1.358 0.690 0.779 1.141 1.128 1.409 1 1 1 1 0 
0.919 1.369 1.357 0.690 0.779 1.139 1.134 1.410 1 1 1 1 0 
0.917 1.370 1.359 0.691 0.778 1.137 1.135 1.409 1 1 1 1 0 
0.913 1.368 1.351 0.690 0.778 1.128 1.127 1.405 1 1 1 1 0 
0.909 1.364 1.346 0.687 0.778 1.126 1.132 1.404 1 1 1 1 0 
0.909 1.364 1.346 0.690 0.778 1.126 1.134 1.404 1 1 1 1 0 
0.911 1.374 1.351 0.690 0.778 1.125 1.136 1.403 1 1 1 1 0 
0.915 1.373 1.350 0.690 0.778 1.127 1.133 1.399 1 1 1 0 0 
0.916 1.372 1.336 0.689 0.778 1.122 1.129 1.394 1 1 1 0 0 
0.916 1.369 1.328 0.689 0.778 1.120 1.129 1.395 1 1 1 0 0 
0.917 1.366 1.332 0.690 0.778 1.117 1.130 1.397 1 1 1 0 0 
0.917 1.364 1.335 0.690 0.778 1.115 1.136 1.396 1 1 1 0 0 
0.893 1.347 1.342 0.683 0.779 1.108 1.119 1.384 1 1 1 0 0 
0.896 1.347 1.343 0.686 0.779 1.110 1.123 1.386 1 1 1 0 0 
0.895 1.345 1.344 0.686 0.779 1.113 1.113 1.384 1 1 1 0 0 
0.894 1.344 1.342 0.685 0.779 1.113 1.119 1.381 1 1 1 0 0 
0.894 1.344 1.342 0.685 0.779 1.113 1.118 1.381 1 1 1 0 0 
0.893 1.347 1.343 0.686 0.779 1.114 1.118 1.384 1 1 1 0 0 
0.891 1.343 1.337 0.687 0.779 1.117 1.118 1.385 1 1 1 0 0 
0.894 1.349 1.339 0.689 0.779 1.118 1.123 1.389 1 1 1 0 0 
0.890 1.349 1.335 0.689 0.779 1.113 1.121 1.388 1 1 1 0 0 
0.892 1.351 1.340 0.689 0.778 1.113 1.116 1.387 1 1 1 0 0 
0.892 1.351 1.341 0.688 0.778 1.112 1.116 1.385 1 1 1 0 0 
0.892 1.351 1.341 0.688 0.778 1.112 1.116 1.385 1 1 1 0 0 
0.897 1.357 1.345 0.689 0.778 1.114 1.122 1.389 1 1 1 0 0 
0.898 1.362 1.345 0.689 0.778 1.110 1.125 1.392 1 1 1 0 0 
0.900 1.361 1.348 0.689 0.779 1.121 1.118 1.393 1 1 1 0 0 
0.906 1.362 1.347 0.689 0.779 1.134 1.116 1.397 1 1 1 0 0 
0.913 1.366 1.349 0.690 0.779 1.135 1.113 1.401 1 1 1 1 0 
0.915 1.371 1.353 0.690 0.779 1.133 1.122 1.403 1 1 1 1 0 
0.915 1.371 1.353 0.690 0.779 1.133 1.122 1.403 1 1 1 1 0 
0.918 1.371 1.354 0.690 0.779 1.136 1.124 1.407 1 1 1 1 0 
0.920 1.371 1.358 0.690 0.779 1.141 1.128 1.409 1 1 1 1 0 
0.919 1.369 1.357 0.690 0.779 1.139 1.134 1.410 1 1 1 1 0 
0.917 1.370 1.359 0.691 0.778 1.137 1.135 1.409 1 1 1 1 0 
0.913 1.368 1.351 0.690 0.778 1.128 1.127 1.405 1 1 1 1 0 
0.909 1.364 1.346 0.687 0.778 1.126 1.132 1.404 1 1 1 1 0 
0.909 1.364 1.346 0.690 0.778 1.126 1.134 1.404 1 1 1 1 0 
0.911 1.374 1.351 0.690 0.778 1.125 1.136 1.403 1 1 1 1 0 
0.915 1.373 1.350 0.690 0.778 1.127 1.133 1.399 1 1 1 0 0 
0.916 1.372 1.336 0.689 0.778 1.122 1.129 1.394 1 1 1 0 0 
0.916 1.369 1.328 0.689 0.778 1.120 1.129 1.395 1 1 1 0 0 
0.917 1.366 1.332 0.690 0.778 1.117 1.130 1.397 1 1 1 0 0 
0.917 1.364 1.335 0.690 0.778 1.115 1.136 1.396 1 1 1 0 0 
0.917 1.364 1.335 0.690 0.778 1.115 1.136 1.396 1 1 1 0 0 
0.917 1.364 1.335 0.689 0.778 1.115 1.136 1.396 1 1 1 0 0 
0.918 1.365 1.338 0.689 0.778 1.113 1.135 1.396 1 1 1 0 0 
0.918 1.360 1.338 0.689 0.778 1.113 1.131 1.396 1 1 1 0 0 
0.916 1.358 1.333 0.689 0.778 1.113 1.128 1.395 1 1 1 0 0 
0.946 1.314 1.304 0.688 0.776 1.135 1.144 1.421 1 1 1 1 1 